gene	Flower	Meiocyte	Microspore	Veg	Spm	Preglobular	Globular	Heart	Torpedo	BentCotyledon	MatureGreen	Seedling
AT1G01183	0	0	0	0	0	1.49514	0	0	0.50351	0	0	0
AT1G01250	8.70741	0	0.14093	0	0	0.0885274	0	0.915738	1.60576	19.7148	418.5	1.0445985
AT1G01670	1.97617	12.3672	1.6296	0	0	0.351573	0.0903262	0.0696552	0.06159575	0	0	0.2476395
AT1G02335	8.3352	0.530965	0	0	0	0	0	0	0.7936445	2.88628	0	2.713965
AT1G02400	1.25672	0	0.148832	0	0	0.101635	0	0.00870015	0.014126	0.147423	0	38.26785
AT1G02580	0.0442422	0.0728005	0	0.606224	0	0.0247533	0.0330894	0	0	0	0.0441	0
AT1G02620	0.140131	0.5091	0.827037	0	0	0	0	0	0	0	0	1.076512
AT1G03720	1.47069	0.405084	0	0	0	0.23139	0	0	0	0	0	0
AT1G04171	0	0	0	0	0	0	0	0	0	0	1.48536	0
AT1G04220	20.4477	0.1099875	0.468785	0.105028	0.0998184	2.87601	13.0694	4.471005	5.856565	4.33015	0.841494	4.51983
AT1G04450	3.00282	1.159145	32.1121	60.0186	47.6732	0	0.102768	0	0.0941103	0	0	0
AT1G04660	9.03866	1.51916	0.120443	0	0	31.2209	11.5096	595.0285	1406.62	1135.74	844.486	0
AT1G05080	1.24391	0.196501	0.456524	0	0	0	0	0	0	0	0	0.2190815
AT1G05420	4.89607	0.470564	0	0	0	0.638201	1.13242	1.969235	2.60106	4.86847	10.4701	0
AT1G06135	0	0	0	0	0	0	0	0	0	0	0	2.09855
AT1G06280	37.6636	0	1.11741	0	0	0	0	0	0.0363789	0	0	0
AT1G06330	0	11.56308	0	0	0	0	0	0.07937635	0	0	0	0
AT1G06980	0.774571	0.525405	0.517079	0	0	41.6809	19.0712	11.13805	7.593645	1.34288	1.41799	3.46454
AT1G07175	0.427398	0	0	0	0	0	0.307207	0.125212	0	0	1.26394	0
AT1G09026	0	0	0	0	0	0	0	0	0	0	0	0
AT1G09380	0.73488	0.2476115	0.161126	0	0	0.304057	2.54745	3.77046	5.95904	1.45568	1.20361	1.2372315
AT1G10270	6.85326	127.812	9.21807	0	0	16.6479	14.3187	11.0762	6.88763	5.81286	3.4855	1.090721
AT1G10586	0	0	0	0.269079	0	0	0	0	0	0	0	0
AT1G10747	4.4896	0	0	0	0	0	0.114615	0.08483825	0	0.254057	0.240507	0
AT1G11080	3.75606	0.1789275	0.0899835	0	0	0	0	0	0	0	0	3.036745
AT1G11370	0.10083	1.062813	0	0	0	0	0	0	0	0	0	0
AT1G11470	0.286767	0	1.67042	0	0	0	0	0	0	0	0	0
AT1G11850	81.0255	0	0	0	0	0	0	0	0.2153805	0.818564	0	4.891435
AT1G12010	0.880938	0	0	0	0	0	0	0	0.101439	0	9.36827	0.8161335
AT1G12030	0.172255	0.519352	0.178433	0	0	0.655029	2.03522	0.0659491	0.0717259	0.168333	0	0
AT1G12130	0.0172277	0	0	0	0	0	0	0	0.0815897	0	0.0730283	0
AT1G12190	0	0.1070855	0	0	0	0	0	0	0	0	0	0
AT1G12260	1.26516	0.35813385	0.260149	0.708718	0.479171	0.0399494	0	0	0.03770225	0	0	0.2563955
AT1G12490	0.297479	0	1.33886	0	0	0	0	0	0	0	0	0.509785
AT1G12805	0.268055	0	0	0	0	0	0	9.55968	217.6685	544.534	3096.43	1.429165
AT1G12960	0	0	0	0	0	0	0	0	0	0	0	0
AT1G12980	0.0351002	0.1466925	0.0798173	0	0	61.7777	22.3004	0.709173	0.8976165	0.762255	1.52511	0
AT1G13400	0.717255	0	0	0	0	0.466283	33.517	19.7195	2.862185	1.1437	0	0
AT1G13760	0.0575591	0	0	0	0	0	0	0	0	0	0	0
AT1G14110	0.0060515	0	0.0764124	0	0	0	0	0	0	0	0	0
AT1G15320	3.37314	38.9146	0.587283	0.387952	0.193322	0.882956	0.770611	0.5986005	0.2058295	0	0	0
AT1G16910	0.117869	0.1145155	0	0	0	0.0740225	0.105499	0	0.0573851	0	0.128201	0.204069
AT1G16950	0.0552473	0.77022	0	0	0	0	0	0	0	0	0	0
AT1G17190	21.6063	0	32.7478	0	0	5.59787	0.710545	1.047965	2.120995	3.36555	47.1172	44.6077
AT1G18191	0	0	0	0	0	0	0	0.068431	0	0	0	0
AT1G18230	0	2.390265	0	0	0	0	0	0	0	0	0	0
AT1G18290	0.307889	0	0.451403	0	0	0.090754	0.0477509	0	0.03103305	0	0.367012	1.30454
AT1G18410	0.549191	12.05835	0.97215	62.668	16.9959	0.184763	0.139677	0.0738243	0.05800375	0.0728966	0.0530383	0.090418
AT1G18780	0.492896	0.8883	0.99727	0	0	0	0	0	0	0	0	0
AT1G18860	0.0530026	0.6702425	0.147859	0	0	0.134911	0	0	0	0	0	0.7243825
AT1G19060	0.379326	0.676055	0.728528	0	0	0	0	0	0	0	0	0
AT1G19610	0.0578001	0	0	0	0	0	0	0.07824345	0	0.226964	0.23514	2.64174
AT1G19790	1.79914	0	0.0471686	0	0.425405	0.638919	1.70753	0.180109	0.8266385	1.4213	1.08825	0.1977365
AT1G19930	0	0.076654	0	0	0	0	0	0	0	0	0	0
AT1G20132	9.77848	0	0	0	0	0	0	0	0	0	0.0790989	0
AT1G20657	0.60564	0.179723	1.2031	0.517809	0	0	0	0	0	0	0	0
AT1G20740	0.0272456	0.238785	0	0	0	0	0	0	0	0	0	0
AT1G22010	18.9716	1.81525	277.696	0	0	0	0	0	0	0	0	0
AT1G22080	0.0560985	0.589977	0.222804	0	0	0.107549	0	0.0070287	0	0	0	0
AT1G23200	0.550337	0.1619175	0.0956783	0	0	0.33222	0.0645444	0.2232094	2.97821	1.78771	1.25483	0.9508845
AT1G23540	0.541123	37.74355	1.78791	23.5568	24.6837	0.132021	0.162879	0.0499491	0.0380649	0	0.117423	0.0698315
AT1G23700	5.29431	375.326	0.210662	0	0	0.151386	0.0302308	0.0373559	0.01698455	0	0	0.2101465
AT1G23730	15.6459	0	145.688	2.77307	0	0	0	0	0	0	0	0
AT1G23770	1.79076	3.955065	2.87501	0	0	0.296874	0.0675577	0.05823285	0.057568	0	0.175682	0
AT1G24260	186.203	1.263886	2.66148	0	0	0.374378	0.179688	0.1515175	0.1134565	0	0	0.503985
AT1G26510	0.229306	0.209349	0.503407	0	0	0.13065	0.290922	0.253179	0.200476	0.124328	0.0789509	0
AT1G26796	0	0	0	0	0	0	0	0.276506	0.666535	0	0	0
AT1G27860	3.14237	0	3.21269	0	0	0.468285	0.203943	0.06734575	0.026116	0	0	0
AT1G27990	0	0.525789	0	0	0	0	0	0	0.07837695	2.71447	319.929	0.351446
AT1G28130	1.82965	0.3611275	0.0490945	0	0	0.112022	0.707975	2.58123	5.243685	4.50513	1.02707	13.80815
AT1G28450	0	0.68894	0	0	0	1.23288	0.21579	0	0	0	0	0
AT1G28500	1.32636	0.92409	1.76708	0	0.968696	0.0600647	0.117084	0.03301225	0	0.156424	0	0
AT1G29870	0.0201015	0.2135855	0	0	0	0	0	0	0	0	0	0
AT1G30210	18.1516	0.3980075	0.197481	0	0	0.0474464	4.10115	6.951675	11.2253	22.9589	33.2315	5.539975
AT1G30925	0.0234186	1.66318	0	0	0	0	0	0	0	0	0	0
AT1G30930	0.15866	0.7765845	0.330501	0	0	0	0	0	0	0.135018	0	0
AT1G30940	0.865565	1.99272	1.84503	0.272429	0	1.02746	0.182865	0.1353705	0.1325065	0	0.215454	0
AT1G31630	0	0.062216	0	0	0	0	0	0	0	0	0	0
AT1G32140	0.452321	0.5724005	2.16716	0	0	0	0	0	0	0	0	0
AT1G32170	2.10537	2.075825	9.79893	100.169	0.334108	19.0648	5.83193	1.365005	1.003325	0	0.793847	13.28335
AT1G32172	0.458514	5.290115	0.314586	14.9996	0	0.181354	0.205978	0.1146845	0.09017975	0	0.0682141	0.145765
AT1G32430	0.584552	0	1.0675	5.13665	3.01157	0	0	0	0	0	0	0
AT1G32660	0.69967	0.3951445	1.30139	0	0	0	0	0	0	0	0	0
AT1G34460	1.22001	50.08125	0.792496	199.657	1.29813	1.28224	1.38646	0.889142	0.672556	0.84376	1.24285	0.271894
AT1G35230	0.283972	0.4975635	4.61311	0	0	36.9362	7.82168	1.387165	2.87162	0.235905	0	0
AT1G35435	0	0	1.33461	0	0	0	0	0	0	0	0	0
AT1G35537	0	0	0	0	0	2.60315	5.53452	0	0	0	0	0
AT1G36060	0.184958	0.03076195	0	0.615746	0	51.5051	32.0422	32.2454	58.1852	13.4798	95.3573	1.0798645
AT1G36150	25.9641	0	219.327	0	0	0	0	0	0	0	0	0
AT1G43140	1.19035	3.208598	0.350987	0	1.57811	0.0340996	0	0	0	0	0	0.4230435
AT1G44080	0.171469	0.8694715	0.0731064	0	0	0	0	0	0	0	0	0
AT1G44150	0.670894	4.62596	2.25905	2.50406	0.798133	0.6588	0	0.122092	0.2157825	0.603534	0	0
AT1G44191	6.27945	9.849215	108.033	0	0	0	0	0	0	0	0	0
AT1G44674	0	0	0	0	0	0	0	0	0	0	0	0
AT1G44740	2.27722	0.2438925	0.679605	0	0.239544	3.53362	3.62867	2.190435	1.897425	0.885574	0.117018	0
AT1G44890	9.60087	87.899	30.4894	3.08181	0.917748	27.6815	17.4016	15.8959	17.7825	9.50373	9.6728	0.9481145
AT1G45100	0.216245	0.566245	0.715598	0	0	0	0	0	0	0	0	0
AT1G45140	0.00394422	0.00121297	0.000983798	0.000449916	0	0	0	0.000302712	0.000168368	0	0.000212161	0.006131385
AT1G46840	0.310736	0	0.390007	0	0	0	0	0	0	0	0	0
AT1G47610	5.70361	0	0.109715	0	0	0	0	0.05128385	0	0	0	0
AT1G47655	1.77717	1.068415	3.7575	0	0	6.21804	10.7464	13.66005	7.64608	3.63614	0.624107	0
AT1G47780	0	0	0	0	0.724874	0	0	0	0	0	0	0
AT1G47920	0.680809	0.9301975	0.596719	0	0	0.0509696	0.134848	0.0157193	0	0	0	0.1633285
AT1G47980	223.859	2.074416	373.607	2.41498	0	0	0	0	0	0	1.60741	0
AT1G49190	0.00864387	0.1502185	0.151308	0	0	0	0	0.0468719	0.0314363	0	0.0674115	0
AT1G49220	0.608603	6.86437	0	0	0	0.0816282	0.312726	0.5655395	0.221191	0.247489	0	0
AT1G49310	0.606583	0	0	0	0	0	0	0	0.099915	0.482325	8.21407	11.872245
AT1G49960	0.076998	0.0884395	0	0	0	0.0625832	0.0612809	0.0790581	0.0298977	0	0.280117	0.667114
AT1G50130	0.448932	17.8272	0.128602	0.0856051	0	0.304875	0.0520646	0.0522513	0	0	0.0317895	0
AT1G50980	0	0	0	0	0	0	0	0	0	0	0.0775381	0
AT1G51150	0	0	0	0	0	0	0	0	0	0	0	0
AT1G51240	0	0	0	18.6205	0	0.262606	0	0	0	0	0	0
AT1G51290	0	0	0	0	0	0	0	0	0	0	0	0
AT1G51330	0	0	0	0	0	0.104042	0.0692366	0	0	0	0	0
AT1G51500	21.5185	0.210068	0.101936	0	0	6.70206	9.00308	2.107975	2.463205	3.67459	10.8173	25.27025
AT1G51900	0.0466412	0	0.047035	0	0	0	0	0	0	0	0	0
AT1G52040	200.352	0.284492	0	0	0	0.100874	0.02587	0.0092107	0	0	0	1.338036
AT1G52100	0.0136844	0.1759955	0	0	0	0	0	0	0	0	0	10.04549
AT1G52120	0.430485	0	7.7899	0	0	0	0	0	0	0	0.0624833	0.1093795
AT1G53020	1.7234	3.32186	1.80335	0	0	0	0	0	0	0	0	0
AT1G53080	0.59956	0	0	0	0	0	0	0	0	0	0	0.3553955
AT1G53325	0	0	0	0	0	0	0	0	0	0	0	0
AT1G53366	0	0	0	0	0	0	0	0	0	0	0	0
AT1G53670	17.5324	11.5076	6.80751	0.213695	0	4.89775	5.67847	7.3297	18.4067	24.2166	47.9604	13.9892
AT1G53687	0	0	0	0	0	0	0	0	0	0	0	0
AT1G54930	2.27221	1.03787	0.298392	0	0	1.35586	1.50196	1.99246	1.243585	0.921479	0	0
AT1G54950	0	0	0	0	0	0	0	0	0	0	0	0
AT1G55600	0.0866248	0	0	0	0	0.0469658	0.0815107	0	0	0	0	0
AT1G56030	3.79566	0.505865	0.550144	0	0	0	0	0	0	0	0	0
AT1G56470	0.547239	2.094785	0	0	0	0.318196	0.573082	0.7475125	0.0669275	0.470669	0.564697	0
AT1G56540	0.312194	0.356	0.192046	9.75058	0	0	0	0	0	0	0	1.419315
AT1G57570	0.0113717	0.04779605	0.131577	0	0	0.0671139	0	0.0120259	0	0	0.039805	0.072351
AT1G57650	0.205517	0.0973325	0.257204	0	0	0	0	0	0	0	0.113582	0
AT1G57690	0.0912393	0.20153	0	0	0	0.125973	0	0	0	0	0	0
AT1G57830	0	0	0	0	0	0	0	0	0	0	0	0
AT1G59770	0.000278054	0	0	0	0	0	0	0	0	0.00250587	0	0
AT1G59780	0.425941	1.302862	0.154002	0	0	0	0	0	0	0	0	0.5089105
AT1G59800	0.10278	0	0	0	0	0	0	0.09570445	0	0	0	0
AT1G60075	0.0181692	0.087499	0.191935	0	0	0	0	0.01286885	0	0	0	0
AT1G60180	0.311648	0	0.925826	0	0	0	0	0	0	0	0	0
AT1G60370	0.676272	1.66996	1.02885	0	0	0	0	0	0	0	0.111833	0
AT1G60480	0.131223	0.22223	0.345718	0	0	0.0482207	0	0	0	0	0	0
AT1G60986	0	0	0	0	0	0	0.179744	0.2333945	0.130568	0.309036	2.21314	0
AT1G61120	1.15201	0	0.0478624	0	0	0	0	0	0	0	0	0
AT1G61590	4.41014	0	0.0796426	0	0	0	0	0.0093032	0	0	0	3.7646
AT1G61630	6.68256	0	16.6919	0	0.161866	0	0	0	0	0	0	0
AT1G62710	5.43376	0.156183	0	0	0	10.2718	11.1099	14.0291	29.3722	99.2098	718.441	3.35675
AT1G62990	4.55327	0.055647	0	0	0	0.217712	0.104944	0.1152975	0.230708	0.13276	0.159765	6.70884
AT1G63060	16.6081	0	425.313	23.8896	12.6394	0.362461	0.819802	0	0.055001	0	0	0
AT1G63105	0.142689	5.1561	0	0	0	0	0	0	0	0	0	0
AT1G63295	1.6076	0	0	0	0	0	0	0	0	0	0.225002	0.736255
AT1G63910	1.5113	0.03452255	1.84289	0	0.727941	0	0	0	0	0.0692437	0	0.4861205
AT1G64030	4.0557	0.2529635	0.151835	0	0	0	0	0.05390325	0.0731985	0	0	0
AT1G64070	0.0817611	0.4081395	0.203615	0	0	0	0	0.00474001	0	0	0.148537	0
AT1G64240	0.184679	2.27938	0.450264	1.88646	0	2.0792	1.81592	2.431495	2.7256	3.52296	2.22773	0
AT1G64260	0.649651	4.276775	0.243335	0	0	1.98991	2.87124	2.132385	0.9283735	1.0029	0.608666	0.271475
AT1G64480	0.286798	0.17871	1.33629	0	0	0	0	0.02613435	0	0	0	0.339976
AT1G64585	0	0	0	0	0	0.71264	0	2.82346	1.46602	3.90605	0	0
AT1G64940	0.562199	26.71805	0.0573642	0	0	0.131678	0.190096	0.0114724	0	0	0	0
AT1G65050	1.17667	0	1.14317	0	0	0.181001	0	0	0	0	0	0
AT1G65985	1.07424	0	0.185876	0	0	0.18711	0.569791	1.24045	3.195335	2.70822	0.842915	3.871655
AT1G66270	0.0297008	0	0.424574	1.62378	4.33987	0	0	0	0.8222665	0.826696	0.323635	69.4318
AT1G66310	0.0454901	0	0.265845	0	0	0	0	0	0	0	0	0
AT1G66640	0.123106	0	0.201127	0	0	0	0	0	0	0	0	0
AT1G67030	0	0.655539	0.0800715	0	0	0	0	0	0	0	0.53805	6.16903
AT1G67710	0.603228	0.8138575	0.0937124	0	0	0	0	0.0500689	0.03521285	0.255134	0.0519257	2.05491
AT1G69250	20.482	1.718769	18.9518	0	0	66.6257	55.3193	31.86145	28.13335	21.2542	20.2331	2.710825
AT1G69320	0.964927	4.30708	0.257229	0.520612	0	0	0	0	0	0	0	0.3233985
AT1G69650	0.539126	0	0.105786	0	0	0	0	0	0	0	0	0
AT1G70500	0.648811	0	0	0	0	0	0	0	0	0	0	0.537146
AT1G70510	4.41435	0.5903505	1.23468	0	0	0.469833	4.06731	7.77171	8.489105	5.09641	4.96949	0.2585465
AT1G71050	5.00779	0	0	0	0	0	0	0	0.4598166	0.347561	6.04191	1.628519
AT1G71380	0.38102	9.26921	0.322472	57.0571	0.702805	19.1326	0.745859	0.32242	0.174172	0	0	0.1353025
AT1G72080	0.0985358	0	0	0	0	0	0	0	0	0	0	0
AT1G73410	0.795136	0.562825	0	0	0	0	0	0	0	0	0.713377	0.598152
AT1G73620	16.0079	0	0	0	0	1.51219	71.1213	71.24915	84.2246	25.5447	0.132537	3.242635
AT1G74620	0.024882	0.3637285	0	0	0	0	0	0	0	0	0	0
AT1G75550	1.99203	1.41651	0.396153	0	0	0	0	0	0	0	0	2.86655
AT1G75600	0.252453	0.73648	0	12.0053	0	0.826493	0.686903	0.41906	0	0	0	0
AT1G75717	0	0	0	0	0	0	0	0	0	0.513074	0	0
AT1G75790	30.7874	5.53196	0	0	0	0	0	0	0	0	0	0
AT1G77150	0	0	0	0	0	0	0	0	0	0	0	0
AT1G77640	0.240143	0.337105	0	0	0	3.66944	0	0	0.230238	2.28727	2.77752	9.688905
AT1G77710	72.567	291.1825	75.8625	10.8259	13.4096	164.22	96.8551	81.60685	122.944	78.9486	234.843	52.97455
AT1G78720	2.85797	7.455215	0.377963	0	0	0	0.0698299	0.02005645	0	0	0.0653756	0.1236815
AT1G78750	1.72594	0.1419145	8.46435	0	0.624822	0.0517851	0.172916	0.7352075	0.93451	0	0	0.715715
AT1G79840	0.67725	1.77882	0.0720438	0.0475534	0	0.182645	0.281911	4.61942	5.7705	4.73393	7.3114	0.8718305
AT1G80730	1.02531	0	0	0	0	0	0	0	0	0.201479	0.378084	0.267327
AT1G80740	0.219498	0	0.895104	0	0	0	0	0.01163775	0	0	0.0387355	0
AT1G80865	0.0286044	1.6032715	0.114056	0	0	0	0	0	0	0	0	0
AT1G80990	6.05923	139.795	0.327381	0	0	0	0	0.163961	0	0	0	0
AT2G01610	19.5027	0.315084	0.224172	0	0	0	0	1.575535	2.04134	5.04615	0	0
AT2G02670	0.15753	0	0.624192	0	0	0	0	0	0.04431295	0	0	0
AT2G03010	1.41762	10.034235	0.429347	0	0	1.33914	1.48364	1.12716	1.32779	0.580556	0.578725	0.165353
AT2G03030	0	0	0	0	0	0	0	0	0	0	0	0
AT2G03500	1.19915	0	0	0	0	0	0	0.0179292	0.1112255	0.667918	1.59825	0.3798195
AT2G04420	0.043279	0.1363005	0	0	0	0	0	0	0	0	0	0
AT2G04800	0	0	0	0	0	0	0	0	0	0	0	24.3351
AT2G04820	0.0493	0.561	0.278	0	0	0	0	2.97e-07	0	0	0	0
AT2G05410	1.1868	0.55228	3.60793	0	0	0	0	0	0	0	0	0
AT2G07042	0.358023	1.384555	0.198384	0.294186	0	0.152518	0	0.04834435	0.36039	0	0	0.203282
AT2G09800	0.290112	0.000283281	0.95277	0.254803	2.84549e-05	0.132088	0.486954	0.3973085	0.293296	0.297	0.313141	0.3190005
AT2G10605	0.017698	0	0	0	0	0	0	0	0	0	0	0
AT2G13680	5.31621	897.6985	8.50675	277.528	8.75654	0.174912	0.195348	0.184641	0.137672	0.176035	0.044019	0
AT2G14210	0.456862	0	0	0	0	0.0898588	0.0691772	0.04840145	0.173421	0	0	0
AT2G14520	8.53709	44.7203	1.36625	0	0	0.986776	0.789446	1.102015	1.90734	4.85748	96.6227	0.513499
AT2G14635	0	0	0	0	0	0	0	0	0.490657	0	0	0
AT2G16230	0	0.0410336	0	0	0	1.89789	1.39913	0.808894	5.263525	9.80128	9.15288	0.226612
AT2G16570	4.42143	0.1405965	6.84245	0	0	37.2364	32.0403	20.54975	15.70955	8.14966	2.61705	1.727815
AT2G17295	0	0	0	0	0	4.35133	0	0	0	0	0	0
AT2G17490	0.337166	0.165801	0.0570586	0	0	0.00321844	0.466274	0.880652	0.016679021	9.0195e-06	0.0646093	0.00043939
AT2G17950	7.55802	0	0	0	0	2.24629	1.4837	0.6901365	0.5810395	0.481227	0.31543	0
AT2G18140	0.0750918	0	3.02106	0	0	0	0	0	0	0	0	0
AT2G18190	1.68178	7.20239	6.83857	5.16053	0	0	0	0	0	0	0	0
AT2G18870	0.0317594	0	0.264255	0	0	0	0.0657497	0	0	0	0	0
AT2G19000	2.60415	0	142.983	4.24472	9.63532	0	1.58568	0	0	0	0	0
AT2G19610	1.15365	0.7913375	6.20921	0	0	0.0344627	0	0.172358	0.05264445	0.215702	0.0667935	0
AT2G20825	7.10403	1.579522	8.54663	0	0	0.154044	0.374415	1.85023	2.50942	0.187716	0	0.287678
AT2G21720	1.24513	0.275292	6.20041	5.7522	0.0670383	0	0	0	0	0	28.8132	0.110745
AT2G21780	1.26453	1.811745	2.26953	10.9179	0	0.269832	0.834005	1.55003	1.22028	5.17886	15.7679	0
AT2G22050	0.108962	0.519935	0.238253	0	1.19663	0	0	0	0	0.109645	0	0
AT2G22750	0.703856	0.590175	0	0	0	0	0	0	0	0	0	0
AT2G22810	0.579052	0	4.82515	0	0	0	0	0	0	0	0	0
AT2G23130	11.3024	0	28.1694	0	0	0.324471	0.339982	0.40676	6.9248	63.6631	145.123	4.27279
AT2G24260	2.72085	0.5704295	32.452	0	0	18.5193	12.3293	7.173055	3.6423	2.76337	10.284	4.29053
AT2G24510	0.384133	1.06925	0.752718	0	0	0	0	0	0	0	0	0
AT2G24660	0.0766	2.79e-05	0.493	0	9.1e-06	0	0	5.46e-06	0	0	3.86e-06	0
AT2G24670	0.387579	0.2438145	0	0	0	0	0	0	0	0	0	0
AT2G24740	0.103992	0.8252225	0.112166	0	0	0.0841432	0.170016	0.0178957	0.0521037	0	0	0
AT2G25330	1.57815	0.148397	5.53123	0	0.645567	2.47047	0.0542281	0.04999515	0.0133343	0	0	0
AT2G25500	0.571962	0	2.83225	0	0	0	0	0	0	0	0	0
AT2G25700	0.98683	0.9314485	1.15358	0	0	8.69725	1.70278	0.6020555	0.1109605	0	0	0
AT2G26380	0.0211152	0.678595	0	0	0	0	0	0	0	0.140865	0	0.5369415
AT2G26580	3.66105	0	0	0	0	1.22539	53.9443	33.7123	20.6536	20.5935	33.9255	4.270375
AT2G26850	1.19	2.94	5.64	1270	477	3.15	0.528	0	0.0377	0	0.0582	0
AT2G26940	3.04885	0.102524	1.00999	0	0	1.8871	0.737466	0.0786165	0.03435435	0	0	0
AT2G26960	3.33795	11.8488	6.4015	0	0	0	0	0	0	0	0	0
AT2G27750	1.42036	18.2017	0.195652	0	0	0	0	0	0	0	0	0
AT2G28680	70.2806	0.87572	788.273	0.413858	0	351.841	34.8492	1.92212	0.09317875	0	0	0
AT2G28700	0	0	0.149332	0	0	0	0	0	0	0	0	0
AT2G29000	0.0188362	0.2914585	0.032261	0	0	0.119975	0.283855	0.249195	0.02721055	0	0	0.0604655
AT2G29930	0.218221	0.509595	0.385199	0	0	0	0	0	0	0	0.0742103	0
AT2G31770	2.61542	0.557855	7.08083	0.12598	0	0	0	0	0.0439958	0	0	0
AT2G31780	1.06882	0	2.8991	0.119939	0	0	0.0476587	0	0	0	0	0
AT2G31940	3.47298	0	0	0	0	1.88314	0.470263	0.0831257	0.7049475	0.76622	0	0
AT2G31981	0	0	0	0	0	0	0	0	0	0	0	0
AT2G32160	2.92576	0	0	0	0.0919011	0	0	0	0.1067159	0.099079	0	0.1195635
AT2G32190	0.837496	0.43322	0	0	0	44.1795	4.53438	1.50428	4.03249	1.87745	23.4096	0.540675
AT2G32273	0	0	0	0	0	0	0	0	0	0	0	0
AT2G32275	0	0	1.09939	0	0	0	0.148009	0.1327072	0.0490668	0	0	0
AT2G32460	6.91721	0.8115965	6.88577	517.358	156.64	0.560435	0.173223	0.06450485	0.3592385	0	0.0558515	0.713688
AT2G32690	163.884	4.55388	0.580339	0	0	18.1085	22.0609	6.95179	7.8088	4.06605	1.94584	177.99
AT2G32960	4.67884	0	0	0.169295	0	2.59089	1.64528	1.77279	1.200868	0.550678	0.738924	4.35891
AT2G33160	1.1262	0.3475715	12.3621	0	0	0.0910197	0.0997748	0.0399177	0.02982315	0	0.0526726	0
AT2G33655	0	0	0	0	0	0	0	0	0	0	0	0
AT2G33790	0	0.684378	0.168827	0	0	0	0	0.376389	3.87979	0.576444	0	4.41739
AT2G35080	1.832	19.71615	0	0	0	0	0	0	0	0	0	0
AT2G35590	0.112606	0	0.279105	0	0	0.0373185	0	0	0	0	0	0
AT2G36120	0.141092	8.499465	0	0	0	0	0	0	0	0	0	114.6564
AT2G37435	0.888658	0.599095	3.42611	0	0	0	0	0	0	0	0	0
AT2G37590	2.36636	0.1396735	0.0757857	1.53734	0	11.0304	3.6241	2.796465	7.221605	13.9843	3.25545	0.8400555
AT2G37830	0	28.4835	0	0	0	0	0	0	0	0	0	0
AT2G38590	0.421074	0.660785	0.89029	0	0	0	0	0	0	0	0	0
AT2G38990	0	0	0	0	0	0	0	0	0	0	0	0
AT2G38995	22.4695	0	0	0	0	0	0	0	0	0	0	0.2071635
AT2G39200	0.0364291	0.1785485	0	0	0	0	0	0.03970465	0	0	0	1.32447
AT2G39240	1.60649	0.55312	4.36288	0	0	0.265151	0.0826393	0.06257145	0	0	0	0
AT2G39540	0	0	0	0	0	0	0	0	0	0	0	0
AT2G40680	0	0	0.196753	0	0	0	0	0	0	0	0	0
AT2G40910	0.249844	0.6814185	0.646715	0	0	0	0	0	0	0	0.058862	0
AT2G41391	0	0	0	0	0	0	0	0	0	0	0	0
AT2G41470	3.68963	7.363985	3.06172	0	0.759987	0.350577	0.400454	0.1537185	0	0	0	0
AT2G41610	0.340279	0	0	0	0	0	0	0	0	0	0	0.9729545
AT2G42140	4.48895	0.31529	49.0352	2.01348	0	0	0	0	0	0	0.170466	0
AT2G42180	0.995207	0	0	0	0	0	0	0	0	0	0	0
AT2G42440	0.0735017	0	0.0949961	0	0	0	0	0	0	0	0	0.357265
AT2G42470	1.27301	0	2.9184	0	0	0	0	0	0	0	0	0
AT2G42720	2.04704	13.9502	5.59121	0	0.626959	6.19356	5.36022	3.71021	2.50342	2.05861	2.96938	0.2832085
AT2G42820	2.84342	0	0.0975321	0	0	0	0	0	0	0	0	0.37729
AT2G42830	9.44679	0.0882685	0	0	0	0.198791	0.211949	0.184099	0.2421865	0	0.0901185	0
AT2G43570	0.315766	0.1781595	0.650038	0	0	0	0	0.0159978	0.2435405	0.100845	1.1204	0.1779965
AT2G43670	0.248419	0.765265	0	0	0	0.417464	3.75419	0.6451225	0.2844235	0.273934	1.16457	3.690005
AT2G43890	0	0.0630065	0	0.22003	0	0	0	0	0	0	0	0
AT2G43960	1.38556	0.6204245	7.31582	0.220023	0	0	0	0	0	0	0	0
AT2G44010	0.5614	4.60152	0.332341	0	0	0	0	0.07067285	0	0	0.616863	1.944075
AT2G44240	0	0	5.16e-06	0	0	0	0	0.0406	0.0432	0	0	0
AT2G44540	0	0	0	0.682846	0	5.38253	8.7893	0.08466715	0	0.0840054	0.0544471	0
AT2G45650	18.3164	0.3209135	0	0	0	0	0.0514052	0.0345022	0	0	0	0
AT2G45660	20.4029	0.5349315	0	0.37324	0	0	0	0.2025155	0.4574075	0.157616	0	5.270485
AT2G45840	0.0715375	0.248737	0	0	0	0.0336064	0.0384624	0.01564935	0	0	0	0
AT2G46770	2.86203	0.115917	0	0	0	0	0	0	0	0	0	0.123997
AT2G46870	11.7045	0	1.26396	0	0	0	0	3.164205	4.97977	10.0946	14.8504	4.42898
AT2G46970	1.51024	0.3405955	0.112224	0	0	0	0	0.05653505	0.1717806	0.551769	0.787651	0.974072
AT2G48130	1.35111	0	22.2707	0	0	0	6.3933	7.524295	0.8943345	2.01125	2.04182	2.260745
AT3G02670	0.313747	2.029435	2.08467	0	0	18.2886	7.30776	1.99101	0.3797485	0	0.147277	0
AT3G03272	2.21215	0	83.4743	0	0	0.602515	0	0	0	0	0.559216	0
AT3G03290	0.0381135	5.73662	0.107471	0	0	0.0692428	0	0.02264295	0	0	0.137251	0
AT3G03660	0.0347739	0	0	0	0	10.435	9.25915	7.450715	9.94084	4.31878	17.4549	0
AT3G03760	24.2791	0.289402	2.1637	0	0	0.315528	1.19164	0.978864	0.904939	0.206016	0	0
AT3G04060	0.377254	0.173583	0.152673	0	0	0	0	0	0.0429414	0	0.081186	1.869495
AT3G04370	0	0.082406	0	0	0	0	0	0	0	0	1.26377	1.131433
AT3G04540	0	0	0	0	0	0	0	0	0	0	0	0
AT3G05155	0.0792893	0	0	0	0	0	0	0	0	0	0	0.288784
AT3G05400	10.5947	0.1862495	0	0	0	0	0.502606	0.03567155	0.05086845	0.0656505	0.0740878	1.41354
AT3G05450	0.232815	0.9869805	0.693585	0	0	0	0	0	0	0.126505	0	0
AT3G06433	1.49952	0.469979	1.49637	0.0651116	0	0.441105	1.04711	1.556715	2.060445	1.09437	0.602576	0.2024055
AT3G06435	1.19543	0.396718	0.133944	0	0	1.5406	0.866416	1.734075	2.83748	5.27047	11.2395	5.343855
AT3G06962	8.47676	17.80559	0	0	0	0	0	0	0	0	0	0
AT3G07970	1.20144	0	0	0	0	0	0	0	0	0	0.241676	0.793884
AT3G09450	0.0966961	0.5075805	0.0521725	0	0	0.086831	0	0.06089155	0.0201649	0.0343488	0.179064	0
AT3G09680	9.10083	2.07046	114.6	0	0.415894	37.1311	6.99744	0.9868085	0.479112	0	0	0.3283345
AT3G09930	2.33001	0	26.4084	0	0	0	0	0.010675	0	0	0	0
AT3G10116	9.61148	0	5.68182	0	0	0	0	0	0	0	0	0
AT3G10190	25.733	8.426425	73.283	0	0	31.1576	30.7449	21.28225	19.93995	16.0718	3.15435	6.23448
AT3G10240	0.250681	1.862068	0.191352	0	0	0.0588344	0	0.0375332	0	0	0.0811807	0
AT3G10750	0.538284	0.93245	1.47317	0	1.18668	0	0	0.06325665	0	0.137989	0.135435	0
AT3G10845	0.0223647	0.224532	0	0	0	0	0	0	0.0475475	0	0	0
AT3G11435	0	0	0	0	0	0	0	0	0	0	0	0
AT3G12900	0.074099	0.091143	0.162432	0	0	0	0	0.1004886	0.073187	0.143739	0	0
AT3G13400	85.7	12.6	2670	171	160	71.4	17	0.0149	0.683	0.702	1.67	0.2
AT3G14480	0.0698238	0.592245	0	0	0	0	0	0	0	0	0	0
AT3G15370	0	0	0.119275	0	0	0	0	0	0	0	0	0
AT3G15540	9.9765	0.658815	0	0	0	13.0206	33.864	11.0249	4.04832	6.15102	0.517301	6.70857
AT3G15680	20.0632	0	0	0	0	525.742	254.021	82.4571	143.251	193.076	67.1824	2.819715
AT3G16330	3.28065	0.515105	0	0	0	3.83758	0.691883	0.06427495	0.0481189	0.875846	1.7667	1.94315
AT3G16360	0.472597	0	0	0	0	0	0	0	0	0	0	2.07099
AT3G16460	1.62962	0.531164	0.0441656	0	0	0.02519	0.0156616	0.016119	0.701957	0.192287	0.108903	170.0835
AT3G16960	0.137699	0	0	0	0	0.390739	0	0	0	0	0	0
AT3G17261	0	0	0	0	0	0	0	0	0	0	0	0
AT3G17550	0.330834	0.95413	0.506049	0	0	0	0	0	0	0	0	0
AT3G18150	0.168009	0.1685445	0.156573	0	0	0	0	0	0	0	0	0
AT3G18260	2.53176	0	0	0	0	0	0	0	0	0	0	5.16573
AT3G18400	0.286919	0	0.124019	0	0	0	0	0	0.0263075	0	0.707106	2.558
AT3G18550	0.321752	0.312635	0	0.155881	83.6636	0	0	0.03404515	0.02131775	0	0	0
AT3G18610	5.12339	18.53275	21.7562	0	0	31.7043	13.3687	3.761475	1.072705	0.916451	8.95281	0
AT3G19070	1.44493	49.1329	0.0865121	0	0	1.47459	0.966912	0.7589075	0.2366385	0	0	0
AT3G20020	10.6256	62.55815	2.18922	0	3.40313	21.0659	25.6507	22.0877	15.8956	14.741	13.7946	0.329887
AT3G20750	0.511373	0	0	0	0	0.0785312	1.35845	2.04279	0.740855	0	0	0
AT3G21930	0.240265	0	11.8598	0	0	0	0	0	0	0	0	0
AT3G22740	4.17359	0	0.0572607	0	0	0	0	0	0	0	2.06412	1.391465
AT3G22910	2.62135	14.8177	2.94675	0	0	0.415409	0.114001	0.1450465	0.1053478	0.866257	0.0997188	1.1194035
AT3G23109	2.30781	0	0	0	0	0	0	0	0	0	0	0
AT3G24580	0.564006	1.223232	0	28.2342	0.550155	0	0	0	0	0	0	0
AT3G24640	3.41045	0	8.84647	0	0	0	0	0	0.315926	0	0	0
AT3G25080	0.724166	1.2111	1.33599	0	0	0.0653174	0	0.03181315	0	0	0	0
AT3G25090	0.611829	0.1341995	0.884808	0	0	0	0	0	0	0	0	0
AT3G25573	0.0765044	0.2949885	0	0	0	0	0	0	0	0	0	0
AT3G26010	1.52639	1.210605	7.17104	0	0	4.63028	2.01607	0.4045265	0.0678435	0.0727045	0.0733008	0
AT3G26110	2.70034	2.262245	123.165	21.1255	75.3286	49.8775	26.5661	0.447387	3.089205	2.93058	3.65372	0
AT3G26790	0.79359	0	0	0	0	15.8827	19.5008	26.64595	40.61945	54.5558	84.2713	0
AT3G26930	0.175046	0	0.430975	1.24583	28.651	0.30672	0.625847	0.0561718	0	0	0	0
AT3G26940	1.07622	0.844344	3.52176	0.181287	0	0.0369776	0	0	0	0	0	0
AT3G27150	0.265893	0.2078895	0	0.247418	0	0.398953	3.1976	4.141685	3.019075	0.744068	0.353888	1.459515
AT3G28243	0	0	0	0	0	0	0	0	0	0	0	0
AT3G28321	0	0	0	0	0	0	0	0	0	0	0	0
AT3G28330	1.07366	0.316539	4.55665	6.2586	0	0.533189	0.364801	0	0	0	0	0
AT3G28500	291.176	249.3755	574.508	0	8.81418	613.396	68.014	14.23545	8.700875	0.305689	1.4086	0
AT3G28890	0.325299	0.120703	0.231161	0	0	0	0.0237615	0.03757505	0.1094305	0.0518608	0	0
AT3G29153	0	0	0	0	0	0	0	0	0	0.0194022	0.0209227	0
AT3G29560	0	0	0	0	0	0	0	0	0.0818695	0	0	0
AT3G29578	0	2.44e-05	0	0	0	0	6.14e-06	1.03e-06	0	0	2.84e-06	1.76e-05
AT3G29800	0.457043	0	4.92878	0	0	0	0	0	0	0	0	0
AT3G30110	0.105676	1.266005	0.121443	0.204591	0	0.121754	0	0	0	0	0	0
AT3G30580	0.686367	0	0	0	0	0	0	0	0	0	0	0.99481
AT3G30727	0	0.0439398	0.0242272	0	0	0	0	0	0	0	0	0
AT3G31068	0	0	0	0	0	0	0	0	0	0	0	0
AT3G42830	0	0	0	0	0	0	0.204345	0.2859905	0.156868	0	0	0
AT3G43310	0	0.155624	0.0353398	0	0	0	0	0	0.0164695	0	0.150726	0
AT3G43580	1.50267	1.019276	1.26695	0	0	2.2603	3.18702	2.71771	2.75017	0.741993	0.970613	0
AT3G43710	0.335728	0.188068	0	0	0	0	0	0	0	0	0	0
AT3G43900	0	0	0	0	0	0	0	0	0	0	0	0
AT3G43910	1.6915	0	0.171898	0	0	0	0	0	0	0	0	0
AT3G44096	0.0489	1.65e-06	0.294	0	0	0	3.77e-07	2.55e-07	1.67e-07	0	0.0996	0
AT3G44120	0.308951	0.145947	3.69463	0	0	0.0332414	0.0385102	0.102703	0.1641515	0.288212	0.418024	0
AT3G44640	0.221	0.0974	0	0	0	0	0	0	4.21e-06	0	0.103	0
AT3G44770	4.17881	31.3411	5.56247	70.2672	59.9719	2.46587	0.683648	0.6245835	0.4778005	0.33187	0.0775604	0
AT3G44780	0	0.84885	0	0	0	0	0	0.0247852	0.04085815	0	0.176834	0
AT3G44830	0.0231803	0.38211	0	0	0	0	0	0.232207	0.229079	3.3102	16.2953	0
AT3G45000	1.0936	159.464	0	0	0	1.14681	0.919944	0.369768	0.183799	0	0	0
AT3G45160	1.43919	0	0	0.330173	0	0	0	0	0	0	0	32.3303
AT3G45170	0.188934	0.2688375	0	0	0	0	0	0	0	0	0	0
AT3G45460	0.889669	0	2.26752	0	0	0	0	0	0	0	0	0
AT3G45560	1.3917	0.99517	1.54752	0	0	0	0	0	0	0	0.0766724	0
AT3G45580	0.432963	0	0.112735	0	0	0	0	0	0	0	0	0
AT3G46080	0.399363	0	0	0	0	0.164201	0.191971	0.0921325	0	0	0	2.420946
AT3G46370	0.546501	0	0.191616	0.068713	4.66784	0.0365553	0	0.00615465	0.026077	0	0	0.550354
AT3G46570	0.0588252	0.3280105	1.00789	0	0	0	0	0	0	0	0	0
AT3G46613	0	0	0	0	0	0	0	0.1241745	0.4235235	0	0	0
AT3G46910	0.153057	0.113513	0.523383	0.112909	0	0.401714	0.0777005	0.10615725	0.03085325	0	0.47352	0
AT3G47150	0	0	0.0652787	0	0	0	0	0.07540445	0	0	0.207712	0
AT3G47710	0	0	0	0	0	0	0	0	0	0	0.593712	0
AT3G48185	8.52112	1.256058	0	0	0	0.561686	0	10.65254	53.81875	50.1022	62.5848	0.7169
AT3G48260	0.426709	0	0	0	0	0	0	0	0	0	0	1.350195
AT3G48275	0	0	0	0	0	0	0	0	0	0	0	0
AT3G48340	0.218537	0.834735	0	0	0	0	0	0	0	0	0	18.5584
AT3G49020	0.886577	0	3.31925	0	0	0.16303	0	0	0	0	0	0
AT3G49130	0	0.4952785	0	0	0	0	0.0817589	0.0833959	0	0	0.103133	0
AT3G49307	0	0	0	0	0	0.105409	0.252515	0.913728	1.920955	0.369322	0	0
AT3G49580	1.13123	0	0	0	0	0	3.96953	0	0	0	0	5.273695
AT3G50170	1.35649	0.2026715	0.0738904	0	0	0	0	0.0075328	0	0	0	0
AT3G50970	20.6165	0.412871	0	0	0	1.21217	0	0	0	1.79568	71.8475	33.09205
AT3G51060	1.65482	0	0.0501084	0	0	14.03	21.7667	2.642615	0.4693715	1.18822	0.873859	0.231725
AT3G51190	2.03292	0.891593	15.6069	0	0	0	0	0.01735545	0	0	0	0
AT3G51420	13.7722	4.19635	12.5932	0	0	0	0	0.3058745	1.914155	1.69744	10.5259	8.70869
AT3G51550	44.0794	85.80345	0.182602	0	0.0372655	12.6345	14.3085	16.58605	17.9254	47.1959	71.246	64.9856
AT3G51890	4.76986	0.299322	1.06087	5.10734	0.414858	15.0776	8.4092	15.0447	46.0885	65.331	109.405	3.934725
AT3G52490	3.38204	0	0.36885	0	0	3.413	2.96135	3.026095	2.378725	3.69069	2.63135	3.5463
AT3G52510	0.160085	0.747595	0.114118	0	0	0	0	0	0	0	0	0.3318545
AT3G52690	0.571165	0.437435	1.44696	0	0	0	0	0	0	0	0	0
AT3G53232	1.09913	0	0.519748	0	0	0	0	0	2.501555	2.73467	1.94909	7.009105
AT3G54340	101.806	0.612385	0	0	0	0.211394	0.510417	0.174165	0.1511005	0.0884118	0.707141	0.3448355
AT3G55590	1.60452	0.3988805	8.197	0	0	0	0.111789	0	0	0	0	0
AT3G55680	0.0733399	0	0	0	0	0	0	0	0	0	0	0
AT3G55970	2.87309	0	0.322881	0	0	0	0	0	0.0269182	0	0.0825281	0
AT3G56780	0.527374	0	0.865523	1.73362	0	1.76042	0.730498	0.3724895	0.1368049	0.133998	0.155907	0
AT3G57260	0.307549	0.221477	0	0	0	0	0	0	0	0	0	0
AT3G57460	2.3854	0.492612	0	0	0	0	0	0.0130016	0	0	0	0
AT3G58000	15.4479	0	0	0	0	0	0	0	0.07264	0	8.55646	0
AT3G58210	1.31388	0.595365	4.07188	0	6.7871	7.93834	1.36655	0.2852942	0	0	0	0
AT3G58250	1.00558	0.2468075	1.25535	0	0	0	0	0	0	0	0	0
AT3G58390	0.950294	0.4792095	0.292568	0	0	0	0.0772669	0	0	0.156881	0	0
AT3G58440	1.90216	4.349065	3.13725	0	0	0.0477722	0	0	0	0	0	0
AT3G58780	14.4809	0.20813	0	0	0	0.413923	0.285459	0.164478	0.1228417	0	0.418829	0.418712
AT3G59230	1.05527	0.3114113	2.59391	0	0	0	0	0	0	0	0	0
AT3G59790	0.179947	0.6301965	0	0	0	0	0.439062	0.1443315	0.03104475	0.144178	0	0
AT3G60090	0	0	0	0	0	0	0	0	0	0	0	0
AT3G60120	0	0	0	0	0	0	0	0	0	0	0	0.3590005
AT3G60150	4.02937	13.7732	10.4463	0	0	6.52666	4.86374	5.9952	7.0242	3.70548	5.71664	2.525975
AT3G60700	0	0.1713875	0.11429	0	0	0.0900378	0	0.348809	1.42346	0	0	0
AT3G61182	0	0	0	0	0	0	0	0	0.1213595	0	0	0
AT3G61720	0.0557209	0.280734	0.187102	0	0	0	0	0.00605645	0	0	0.0750432	0
AT3G62440	0.90943	1.139732	1.83353	0	0	0	0	0	0	0	0.0685414	0
AT3G62730	0.149172	0	0.959483	0	0	0.253133	0.128176	0.298477	0.3330885	0.441332	13.9046	1.257245
AT4G00160	2.11664	1.230395	8.68949	0	3.94326	3.06782	0.408989	0.1014267	0.0216561	0	0	0
AT4G00220	0.817292	0	0	0	0	0	0	0.5963695	2.309505	0.679239	0.608464	0.3782895
AT4G00250	1.17236	0.5214	5.01519	0	0	50.1393	43.2495	26.7736	15.75925	14.804	14.3628	0
AT4G00320	1.90067	0	8.16254	0	4.30752	14.5615	2.58903	0.2653195	0	0	0	0
AT4G00600	0	0.14165	0	2.77494	0	0	0.102515	0.0146693	0	0	0.108663	0
AT4G00885	0	0	0	0	0	2.14583	0.560919	0	0	0	0	0
AT4G01380	0.0497754	0	0	0	0	0.10333	0.12276	0.114765	0.04109405	0	0	0
AT4G01470	10.8654	0.70432	388.44	0.406418	0	0.254715	0	0	0	0	0	0
AT4G01490	0.0668326	0.05957915	0.0876284	0	0	0	0	0	0	0	0.00306667	0
AT4G01515	0.00137537	0.001247315	0	0	0	0	0	0.000312083	0	0	0	0
AT4G01920	1.37719	2.469615	0.5655	0	0	0.243405	0.162663	0.0774336	0.0635577	0	0.0778822	1.681215
AT4G01985	0.0743519	20.9217	0.0490106	0	0	0	0	0	0	0	0	0.113553
AT4G02670	0.901774	0.304102	0.140334	0	0	0	1.79131	4.05724	1.21686	0	0.0857977	0
AT4G02700	2.40913	0.01726165	0.841426	0	0	0.807478	0.471181	0.3742115	0.492643	0.365298	0.464258	0.594906
AT4G04890	44.9935	0.5303285	0	0	0	85.4009	94.0002	71.1795	62.26325	71.8898	74.8021	13.7323
AT4G04900	0.42719	0	0	0	0	0	0.805002	0.725537	1.195141	0	0.294697	1.062805
AT4G07940	2.07251	5.054575	1.04154	0	0.860665	2.84615	1.34133	0.6082835	0.0973805	0	0	0
AT4G09190	0.878988	0.113199	2.79387	0	0	0	0	0	0	0	0	0
AT4G09440	0.0672971	0	0	0	0	0	0	0	0	0	0	0
AT4G09870	0.211012	0.801975	0.589019	0	0	0	0	0	0	0	0	0
AT4G09960	19.3857	0	0	2.6119	0.958039	14.0991	5.17026	5.65908	1.80726	0.606141	0.56523	0
AT4G10260	28.6584	0	1032.4	0	0	0	0	0	0	0	0.459499	0
AT4G10670	0.0507009	1.472345	0.0594786	0	0	0	0	0	0	0	0.0592198	0
AT4G11580	0.74178	0	3.11924	0	0	0.120044	0	0	0	0	0	0
AT4G11810	0.846125	0.25073	1.82999	136.405	1.02644	6.3241	7.04959	8.620225	13.06615	26.0346	37.2953	0
AT4G11880	0.0228612	0	0.131331	0	0	0	0	0	0	0	11.0536	1.60668
AT4G12545	0	0	0	0	0	0	0.104578	0	0	0	0	29.47985
AT4G12820	0.398422	0.7105035	3.80528	0	0	0	0	0	0	0	0	0
AT4G13080	0	0	0	0	0	0.154155	0	0	0	0	0	0
AT4G13470	1.09e-05	0.362	0.00197	0	0	0	0	0	0	0	0	0
AT4G13960	2.20944	0	7.97155	2.16705	2.46786	0	0.211542	0.02394685	0	0	0	0
AT4G14165	0.243503	0.434286	0.485633	1.51259	0	0	0	0	0	0	0	0
AT4G15100	0.686592	0	0	0	0	0	0	0	0	0	0.0664657	0
AT4G15320	0	0.2421235	0.0470003	0	0	0	0	0	0	0	0.0431646	0.066566
AT4G16045	0.61465	0	0.163756	0	0	0	0	0	0	0	0	0
AT4G16810	0	0.32828	0	0	0	0.211545	0.0349827	0.0110104	0	0	0.0986987	0
AT4G17460	27.7059	0.680685	0.068547	0	0	0.088613	0	0.210462	2.32696	1.91765	0.867561	17.5068
AT4G17713	0	0	0	0	0	0	0	0	0	0	0	0
AT4G18050	1.86307	1.494725	6.89346	17.8066	0.127916	0.0906563	0	0.01267675	0.0155229	0	0.0876025	1.878345
AT4G18390	21.3489	0.735763	0.614401	0	0	0.315618	0.466905	6.33412	23.857	34.8658	12.4989	6.001475
AT4G18900	2.93544	1.091815	6.49282	0	0	1.84728	0.570756	0.3507305	0.0734668	0	0.0714818	0
AT4G18960	34.1288	0.8552575	0	0	0	0	0	0	0	0	0	0
AT4G19000	1.04182	7.931355	0.104337	0.932786	0	0.0691609	0.0438384	0.0505485	0.05067465	0.174618	0.213442	0
AT4G19270	0	0	0	0	0	0	0	0	0	0	0	0
AT4G19940	0.169027	6.338615	0.369201	0	0	0	0	0.0150471	0	0	0	0
AT4G19980	2.68856	0	0	0	0	0	0.363914	2.213965	4.33374	0.928152	0	2.35286
AT4G20000	0	0.662625	0	0	0	0	0	0	0	0	0	8.706885
AT4G20680	0.71633	0	13.1179	0	0	0	0	0	0	0	0	0
AT4G20970	2.44043	1.32468	0	0	0	0	0	0	0	0	0.446154	0
AT4G21010	2.21104	3.67059	5.64502	0	2.13246	0	0	0.03567165	0	0	0	0
AT4G21040	0	0	0	0	0	0	0	0.06808625	0.2832305	0	0	0
AT4G21480	2.59006	23.7738	0.373421	0.845733	0	5.50514	4.1447	3.63813	4.36806	8.65763	3.15636	0.4597005
AT4G21750	26.5243	0.9217365	0.111016	0	0	73.8955	47.2943	41.4169	43.81515	38.6881	26.5623	15.19765
AT4G22020	0.118548	26.565765	0.300502	0	0	0.247438	0.090074	0.0519844	0.06581875	0.0937657	0.0740701	0
AT4G22165	0.432563	0.103422	0.212763	0	0	0	0	0	0	0	0	0
AT4G22485	0	0.716966	0.186915	0	0	0	0	0	0	0	0.106173	0.2071575
AT4G22950	0.380943	0.59153	0.150498	0	0	0	0.0733439	0	0	0	0	0.6966025
AT4G22960	12.8433	340.488	38.4646	1.83834	0	0.867597	0.348654	0.2132725	0.0641097	0	0	0
AT4G23020	2.43508	0.224274	0	0	0	0.122427	0.608179	1.39612	1.794745	2.63182	11.0369	1.041841
AT4G23120	0	0.13266	0	0	0	0	0	0	0	0	0	0
AT4G23370	0.0926475	0	0.0474614	0	0	0.0861797	0.0660448	0.00836851	0.004934895	0	0	0
AT4G23520	0	0	0	0.168225	0	0.119746	0	0	0	0	0	0
AT4G24060	15.8526	0.478376	0	0	0	3.32183	3.69487	4.818125	9.17948	11.5609	14.368	13.15035
AT4G24130	56.9743	1.93375	0	0	0	102.43	15.9942	2.19678	1.37286	0.232873	6.21388	9.826925
AT4G24180	0.933944	0	0.310383	0	0	0	0	0	0	0	0.12544	0
AT4G24980	0.0762277	0.431863	0	0	0	0	0	0.036424	0	0	0	0
AT4G25330	0.378027	0	2.138	0	0	0.214216	0.328161	0.299834	0.1207455	0	0.188144	0
AT4G25585	0	0	0	0	0	0	0	0	0	0	0	0
AT4G26250	0.065277	0	0	0	0	0	0	0	0	0	0	0
AT4G26375	0	0	0	0	0	0	0	0	0	0	0	0
AT4G26820	0.505216	0.650075	0.313483	0	0	0	0	0	0	0	0	0.2826865
AT4G27420	10.7369	0.5339015	13.3097	0	0	0	0	0	0	0	0	0
AT4G28340	0.168458	2.592375	0.128579	0	0	0	0	0	0	0	0.102007	0
AT4G28365	0.0572221	0.0888395	0	0	0	1244.19	786.477	427.5975	357.8695	270.328	5.61248	0
AT4G28850	0	0.0932615	0.146813	0	0	0	0	0	0	0	0	3.667395
AT4G29230	1.00399	0.4718265	0	0	0	0	0	0.0095675	0.06662345	0.121724	1.61951	1.6618
AT4G29770	0.495624	0.094673	1.27128	0	0	21.7329	4.59308	1.160435	0.4244165	0.0964944	0.171983	0
AT4G29970	0.0718048	0	0	0	0	0	0	0	0	0	0	0
AT4G30290	0.814329	0	0	0	0	26.5298	31.7971	15.0798	10.28425	19.088	0.417049	29.0287
AT4G30960	57.6778	14.4553	2.58819	0	0.209825	48.8019	31.2467	73.62845	135.004	236.385	128.283	48.279
AT4G31250	1.574	7.519785	0.737687	0	0	1.86151	1.90474	1.88706	1.698675	1.7427	2.27344	1.678805
AT4G31520	1.95359	35.9822	1.29408	9.90293	0	0.482827	0.249566	0.173665	0.5199875	0.661772	0.356359	0.078889
AT4G31830	0	0	0	0	0	0	0	0.0314	0.257	15	2850	0.606
AT4G32220	0	0.5155475	0	0	0	0	0	0	0	0	0	0
AT4G33800	1.24816	0	0	0	0	0	0	0	1.432125	6.94554	36.9195	0.422249
AT4G33890	11.79	31.1699	3.54383	0.449452	2.64254	12.0345	13.9337	10.9535	12.2582	12.7748	28.8361	4.95636
AT4G33930	0.880902	2.005045	0.564618	0	0	0.0539123	0.115628	0.0587152	0.01965015	0	0.076288	0
AT4G34210	2.92213	0.88218	3.62287	0	0	0	0	0.1026184	0	0	0	0
AT4G34320	0.546308	3.29035	0.434012	0	0	0	0	0.0248523	0.020356	0	0.0713026	0.822721
AT4G35010	21.6	11.4	164	7490	1210	7.17	2.22	0.00996	0.021	0	0.0325	0.0566
AT4G35120	0.136728	0.091662	1.11477	0	0	0	0	0	0	0	0.0832031	0
AT4G35400	0	0	0	0	0	0	0	0	0	0	0	0
AT4G35725	0	0	0	0	0	6.34036	16.7273	7.664555	1.30015	0.275831	0	0
AT4G35733	0.980464	0.70226	4.28603	0	0	0	0	0.037768	0.02408675	0	0	0
AT4G36010	16.3045	0.602015	0.0768315	0	0	0.0985559	0.0706089	0.4004375	1.353035	13.8836	17.2095	9.47887
AT4G36160	1.68946	0	0	0	0	0.0750025	0	0.131265	0.1885665	1.04955	0.463774	0.786812
AT4G36350	19.7091	0.4987955	20.9836	0	0	0	0	0	0	0	0	1.1237825
AT4G37850	0.0758889	0.738447	0.0595109	0	0	0	0	0.0263012	0.0483746	0	0	1.642625
AT4G37860	0.424131	4.549085	0	0	0	0	0	0.032928	0	0	0	0
AT4G38080	0.725924	6.736805	0	0	0	0.390081	0.233379	0.4530335	0.324636	0	18.167	7.585305
AT4G38340	0.107093	0.577712	0.151462	0	0	0.130728	0.113975	0.5761205	0.136923	1.06253	0.213419	0.0679865
AT4G38870	1.25576	0.5445705	4.22482	0.772182	0	0.187969	0	0.01106315	0.0157636	0	0	0
AT4G39720	0.527461	0.548119	0.19707	0	0	0	0	0	0	0	0	0
AT4G39760	0.97407	0.93383	0.109888	0	0	0	0	0	0.0254569	0	0	0
AT5G01310	3.98236	12.469415	1.93353	1.82511	0.0570828	5.5714	5.10504	6.64796	4.208895	6.54802	8.78222	0.589593
AT5G01900	0.0431835	0.2228515	0.0868493	0	0	0	0	0	0	0	0	0
AT5G02930	0.482986	0	0.791772	5.47216	0	0.115049	0.0734872	0.0582851	0.0120742	0	0	0
AT5G04275	0	0	0	0	0	0	0	0	0	0	0	0
AT5G04730	0.0279393	0.602117	0	0	0	0	0.126093	0.07200845	0.01503475	0	0	0
AT5G05113	0	1.967535	0	0	0	0	0	0	0	0	0	0
AT5G05340	0	0	0.336987	0	0	0.267612	0	0.0648301	0.02980045	0	0	0.4624025
AT5G05420	0.508941	0.72009	0.725211	0	0	0	0	0	0	0	0	0
AT5G05965	0.145245	0	0	0	0	0	0.132516	0.1920945	4.672645	7.38888	3.24508	2.75151
AT5G06380	0.403619	6.126725	1.30845	0	0	0.220522	1.13259	0.337247	0.2268965	0	0.252994	0.256395
AT5G06520	2.07348	0.1994256	3.97645	0	0	0	0	0	0	0	0	0
AT5G06610	7.90731	0.1808955	0.183156	0	0	0.133747	0	0.1586045	0.7466895	1.46918	0.363164	2.73528
AT5G06710	3.6879	0	0	0	0	2.72115	0.810885	0.718875	1.098885	4.12075	2.41262	1.29036
AT5G07780	0.21413	0.0811335	0.352938	0	0	0.0804952	0.0236763	0	0	0	0	0
AT5G07930	0.0290209	0	0.111277	0	0	0.430469	1.01679	0.7421925	0.2344085	0.16044	0.481292	0
AT5G07990	33.7433	1.1069565	0.346155	0	0	1.20194	0.622507	0.8121235	2.80708	96.276	78.0991	0.31256
AT5G08070	2.50482	0.804416	1.21185	0	0	0	0	0	3.422425	6.54352	1.64309	0
AT5G08090	1.0085	12.49683	1.86136	0	0	0	0.0628116	0.03054415	0	0	0	0
AT5G10140	5.10491	0.803815	3.37158	0	0.944238	25.7514	21.2117	39.19775	50.921	60.8192	199.404	2.896581
AT5G10278	1.07719	0.2982745	0.833414	0	0.223535	0.0765589	0.294113	1.236631	2.97397	7.595	3.33035	0.319752
AT5G10660	1.17843	0.4400595	19.501	426.926	239.25	0.0528717	0.240296	0	0.02863235	0	0.161089	0
AT5G11180	0.00857362	0.2452785	0.110877	0	0	0	0.105344	0.143533	0.0193751	0.0587646	0.0405898	0
AT5G11530	6.28519	2.308375	0.877455	1.22698	0	3.52057	3.56784	4.53399	3.14493	5.17334	4.15451	1.371479
AT5G11540	1.719	0.2325335	0.0720474	0	0	0	0.648236	0.0402776	0	0	0.192023	2.659765
AT5G11570	0.0832517	0.182155	0.0699001	0	0	0	0	0	0	0	0	0.18999
AT5G11977	0	0	0	0	0	0	0	0	0	0	0	0
AT5G12330	1.26047	0.1187455	0.388131	0	0	15.4731	31.9319	15.14511	0.834884	0.861319	0.442038	0.965278
AT5G12850	15.9738	27.00515	0.919602	0	0	16.1031	17.8418	17.5101	15.81895	18.9393	20.2366	2.96196
AT5G12870	1.94701	0	0	0	0	0.0566851	0	0	0	0	0	0.8924655
AT5G13130	1.96719	3.03169	2.97463	0	0.192519	3.61607	1.36353	0.7845675	0.719248	1.1069	1.78976	0
AT5G13390	16.5611	69.73295	4.16781	0	0	12.4748	10.5978	14.31175	14.2369	21.6598	29.2378	3.545495
AT5G14300	1.31104	0	0.233641	0	0	0	0	0	0	0	0	0
AT5G14345	3.03023	0	138.92	0	0	0	0	0.04629065	0	0	0	0
AT5G14670	5.11583	0.80948	39.977	22.7411	0.644877	0.139451	0.124625	0	0	0	0	0
AT5G14860	0.541915	0.5097185	0	0.523995	0	14.8125	2.55139	0.3178205	0.04540625	0	0	0
AT5G14940	1.27191	0.211518	0.0789198	0	0.300012	0	0	0.1264025	0.24477	0.378309	0.0593391	0.736917
AT5G14950	6.6701	0.3228525	2.77108	3.64199	3.84794	2.81085	2.88305	3.155215	2.262365	3.82547	2.88459	8.10596
AT5G15140	10.9157	16.30871	16.572	3394.29	740.063	3.21903	2.03289	0	0.199362	0.122642	0.161921	0.1471075
AT5G15670	0.198483	0	0.275782	0	0	0	0	0	0	0	0	0
AT5G15800	36.8866	3.17276	4.50771	0	0	0.303486	0.120049	0.0377809	0.0394355	0	0.129381	0
AT5G15950	29.4435	2.326512	35.6028	927.25	9.59639	10.2867	6.64971	5.572125	16.6903	54.5736	6.46592	1.1454
AT5G16920	83.6479	0.164243	0.103215	0	0	0	0	0	0	0	0	0
AT5G17100	0.232626	1.180085	2.20904	0.193507	0	0	0	0.01255915	0	0	0.0846329	0
AT5G17260	0.581323	0.3268365	0	0	0	0	0	0	0	0	0	0.7128395
AT5G17340	61.1464	0	956.939	0	0	0.303002	0.642783	1.486295	1.799715	0.283947	0.726792	1.659245
AT5G17730	0	0.1006515	0	0	0	0	0	0	0	0.0637846	0.0589774	0
AT5G17795	0	0	0	0	0	0	0	0	0	0	0	0
AT5G18270	0.75366	1.096057	0.277541	0.131735	0	0	0	0.02199715	0.331429	0	0.142893	6.36627
AT5G18460	13.8926	0.055085	0	0	0	0.963039	5.63136	10.819455	8.85698	8.33091	4.81175	4.34317
AT5G19640	3.98856	0	12.1444	0	0	0	0	0	0	0	0	0
AT5G19720	0.155923	4.603135	0	0	0	0	0	0	0	0	0	0
AT5G19810	0	0.158	0	0	0	0.2	0	5.26e-07	0	0	4.72e-06	0
AT5G20240	150.608	1.858673	0.266133	0	0	0	0.413621	0.705597	1.61003	0.379845	0.0794247	0
AT5G20710	45.7479	0.01525885	556.966	1.60818	0	0.0187107	0	0.0148922	0.00879875	0	0	0.1760295
AT5G20820	0.024408	0.532955	0	0	0	0	0	0	0	0	0	0
AT5G22180	0.0419373	1.78419	0	0	0	0	0	0	0	0	0	0
AT5G22600	0.694585	0.2886625	1.80183	2.47224	9.04539	0	0	0	0.05577425	0	0	0
AT5G22980	3.4067	0.1308545	0.0872115	0	0	0.262152	0.507153	0.0744476	0	0	0	0
AT5G24100	0.322364	0.336719	5.77409	0.633274	0	0.0208704	0	0	0	0	0	0.8329845
AT5G24230	0.0415987	0.2020755	0.382011	17.1071	0.550681	0	0	0	0	0	0	0.1299675
AT5G25230	0.724177	3.87742	0.358286	0.543283	0	0.624726	0.295116	0.114986	0.02843755	0	0.0478745	0
AT5G25250	1.83262	3.839875	2.70905	0	0	0.0323598	0	0.02147595	0	0	0	1.852885
AT5G25300	0.168266	0.504928	0.716303	0	0	0	0	0	0	0	0.0815122	0
AT5G25620	3.9959	0.335528	13.3532	0	0	0.407048	0.664221	1.153475	2.131985	7.87939	3.89658	1.32388
AT5G25950	2.03408	3.883365	0	0	0	0	0	0.01652805	0.01313395	0	0	0
AT5G26147	0	0	0	0	0	0	0	0	0	0	0	0
AT5G27037	0.350557	0.1615605	1.91475	0	0	0	0	0	0	0	0.284521	0
AT5G27530	0	0	0	0	0	0	0	0	0	0	0	0
AT5G28410	0	0	0	0	0	0	0	0	0.0929775	0	0.389813	0
AT5G28630	0.0534812	0	1.13006	0	0	0	0	0.09521785	0.273658	0	0	6.58279
AT5G35590	91.1117	127.379	57.1501	0	0	224.6	181.846	149.469	154.2805	109.755	100.208	21.7326
AT5G35660	0.0132263	1.4808402	0	0	0	0	0	0	0	0	0.0823434	0
AT5G35780	0.10614	0.075208	0	0	0	0	0	0.129878	0.0344243	0	0	0
AT5G35860	0	0	0	0	0	0	0	0	0	0	0	0
AT5G36240	0.753986	0.380604	0.99514	0	0	0	0	0.01258595	0	0	0	0
AT5G37540	8.67108	4.429805	0.0988475	0	0	9.13245	5.94289	3.50607	3.207545	2.77593	2.08907	7.14561
AT5G37810	7.10874	0	77.3396	0	0	0	0	0	0	0	0	0
AT5G38030	0.0568464	0.266981	0.0353867	0	0	0	0.248695	0.0828623	0	0	0	4.372265
AT5G38080	1.61813	1.7940985	0.299251	0	0	0	0	0.0419225	0	0	0	0.87611
AT5G38350	0	0	0.0406127	0	0	0	0	0	0.01158335	0	0	1.821815
AT5G38760	123.691	3.12134	6996.46	20.3197	287.167	0.288477	8.35059	0	0	0	0	0.464529
AT5G38820	7.12792	312.171	0.187872	76.0864	0	0.329117	0.31159	0.282867	0.165771	0.127644	0	0.1345935
AT5G38975	0	0	0	0	0	0	0	0	0	0	0.430768	0
AT5G39720	0.0839032	0.148204	0	0	0	0	0	0	0	0	22.8252	1.4584835
AT5G40050	0.0349632	0	0	0	0	0	0	0	0	0	0	0
AT5G40275	0.132433	0.63053	0	0	0	0	0	0	0	0	0	0
AT5G40330	0.0508238	0	0	0	0	0	0	0	0	0	0	0.8975205
AT5G41420	0	0	0	0	0	0	0	0	0	0	0	0
AT5G41440	0.340894	0	0.614057	0	0	0	0	0	0	0	0	0
AT5G41500	1.34277	0.1541835	3.69443	0	0	0	0	0	0	0	0	0
AT5G41570	0.0287065	0	0	0	0	0	0	0	0	0	0.666775	0.2295015
AT5G41640	0.138291	1.19317	0	0	0	0	0	0	0	0	0	0
AT5G41663	0	0	0	0	0	13.9009	2.49665	2.975225	4.57397	2.19221	14.6445	0
AT5G41761	0.383613	0	0	0	0	0.305103	3.67922	2.18058	2.221695	0.144933	0	1.75971
AT5G41810	9.04769	0.553405	0.739645	0	0	0	0	0.1236311	1.37138	0.545321	0.619749	7.3111
AT5G41820	0.973503	0.4860095	1.29512	0	0	0	0	0.0140261	0.05324785	0.0697287	0	0
AT5G42460	2.59346	16.4716	4.44707	0	11.1985	1.58994	0.522225	0.405635	0.5230925	0.923115	1.37157	3.27175
AT5G43110	4.98021	0.7433005	1.43202	0	0	0	0	0	0	0	0	0
AT5G43290	0.440425	0.6934025	0.144854	0	0	0	0	0.0275963	0	0	0	0.156425
AT5G43650	0.0318561	0	0	0	0	0	0	0	0	0	0	3.592775
AT5G43870	4.73538	0.1205355	8.45727	0	0	2.21747	22.3963	5.272505	1.475015	1.41115	1.59476	4.216355
AT5G43890	0	0.1017025	0.0772061	0	0	0	0	0	0	2.23147	2.90904	7.772295
AT5G44020	14.3773	0	0	0	0	0.14809	0	0.02640245	0.05247965	0	0	380.7005
AT5G44310	0.0414689	0.8428495	0.313885	0	0	0	0	0.0435187	0.35069	46.8909	569.714	0
AT5G44330	4.63158	81.0782	0.0818739	94.6852	0	0.166477	0.0921716	0.191237	0.0251756	0	0	0
AT5G45210	0.330016	2.4055175	0.267212	0	0	0	0	0.0069195	0	0	0	1.1162915
AT5G45220	0.154924	0.883175	1.15906	0	0	0	0	0.0198485	0.0379628	0	0	0.1427285
AT5G45240	0.0733092	0.244112	0.0511478	0.332586	0	0	0	0.07822285	0.0995136	0.0629836	0.0380271	0.0664515
AT5G45307	0	0	0	0	0	0	0	0	0	0	0	0
AT5G45450	0.172924	4.26266e-05	0	0	0	0.0825342	0.00493945	0.156877	0.073566775	0.148171	0	0
AT5G45960	20.4397	0.426301	0	0	0	0	0	0.953317	0.1412691	0	0	0.1344275
AT5G45990	0.769961	2.432195	1.7171	5.937	0	0.327771	0.0211892	0.0617616	0.06712665	0	0	0.2216135
AT5G46025	0	0	0	0	0	0	0	0	0	0	0	0
AT5G46260	0.220755	0.1323875	0.0573122	0	0	0	0	0	0	0	0	0.333596
AT5G46300	0.0366421	0	0	0	0	0	0	0	0	0	0	0
AT5G46730	7.57114	6.05737	0.0678048	0	0	0	0	0.0820136	0.1197085	0.218967	0.508605	9.53909
AT5G46880	5.32356	0.7856775	0.110601	0.946712	0	34.6651	26.3258	21.1171	13.8454	14.8532	10.0124	1.1179
AT5G48270	0.135959	1.982572	0.933499	8.76894	0.629097	0.0524656	0	0.04354945	0	0	0	0
AT5G48550	1.18211	0.645945	12.9055	0	0	0	0	0.01003695	0	0	0	0
AT5G48980	0.211423	1.262774	0.279963	0	0	0.178735	0.0799357	0.2404315	0.3548485	0.507249	0.518678	0.203216
AT5G49770	0.168259	0.580037	0.0368625	0	0	0	0	0	0	0	0	0.137788
AT5G49790	0	3.241305	0	0	0	0	0	0	0	0	0	0
AT5G50910	0	0	0	0	0	0	0	0	0	0	0	0
AT5G51000	0.208566	0.810975	0.910064	0	0	0	0	0	0	0	0	0
AT5G51760	0.015037	0.2862795	0.347352	0	0	0	0	0	0.03494995	0.109717	9.33939	0
AT5G51860	0.123432	0	0	0	0	0	0	0	0.1726185	0	0	0
AT5G52330	6.07919	0.2739395	20.8969	0.143557	0.234009	1.21813	0.64602	0.4396865	0.252576	0.86177	12.4232	0.4246295
AT5G52360	12.5099	0.272976	440.485	87.472	66.1711	1.56636	1.87166	0	0	0	0.150227	0
AT5G52460	0.0256992	0	0	0	0	0	0	0	0	0	0.0993804	0
AT5G53486	3.66569	0	0	0	0	0	0	0	0	0	0	0.3242625
AT5G53592	1.81381	0	0.166734	0	0	0	0	0	0	0	0	0
AT5G53635	0.926544	4.645975	0.87847	0	0	0	0	0	0	0	0	0
AT5G54320	1.56998	0	3.70519	0	0	0	0	0	0	0.1512	0	0
AT5G54350	0	0	0	0	0	0	0.173474	0	0	0	0	0
AT5G54370	0.0695084	0.1688375	0.174194	0	0	0	0	0	0.02767075	0.136092	0	21.70935
AT5G54480	0.363591	1.136031	1.58047	0	0	0	0	0	0	0	0	0
AT5G55110	0	0	0.571871	0	0	0	0	0	0	0	0	1.65161
AT5G55893	0.0389124	0.556745	0.133232	0	0	0	0	0	0	0	0	0
AT5G56200	0.0417921	0	0	0	0	0	0.0577361	0.02364115	0	0	0	0.359176
AT5G56240	10.3989	34.91325	2.02182	0	0	3.1017	2.97404	5.74211	4.81021	7.74253	11.4552	7.745715
AT5G56250	8.15052	4.602075	0.893265	0	0	4.89655	6.26509	5.52041	3.434985	4.68352	4.62764	1.786485
AT5G56300	0.744056	0.072406	0	0	0	49.1944	25.6454	16.50775	12.07345	7.01267	3.60583	0.332458
AT5G56330	0.0197313	3.699853	0	0	0	0	0	0	0	0	0	0
AT5G56369	0.270163	0	0	0	0	0.641223	0.714855	0.5491185	3.0238	0	0	0
AT5G56400	1.79383	5.20539	0.922733	0	0	0	0	0	0	0	0	0
AT5G56430	1.54515	0.952115	3.91474	0	0.149952	0	0	0	0.02562175	0	0	0
AT5G56560	0.627857	0.540355	0.667377	0	0	0	0	0.03360455	0	0	0	0
AT5G56690	0	1.03904	0	0	0	0	0	0.01644745	0	0	0	0
AT5G56990	6.52117	1.644755	2.59405	0	0	0.389526	0.345637	0.2720245	0.223656	0.155536	0.394185	0
AT5G57090	0.384801	0.03385325	0.189753	0	0	0.336675	0	0.03435825	0.444273	1.79557	4.70201	2.83452
AT5G57340	0.283366	0	0	0	0	0.053113	0	0.03976735	0.3503665	0.238241	0	16.3243
AT5G57380	2.17681	1.154235	8.29944	37.6067	5.21638	5.71583	3.01337	3.57623	0.5528665	0.577814	0.408892	0
AT5G58890	0.0300353	0	0	0	0	0	0	0	0	0	0	0
AT5G59040	14.8897	0	382.711	0	0	0	0	0	0	0	0	0
AT5G59090	0	0	0	0	0	0	0	0	0	0	0	6.84477
AT5G60200	14.8983	0.490956	0.180043	0	0	32.1448	35.4074	40.16715	54.4693	36.9883	12.1599	7.560405
AT5G60615	7.60312	1.6783	40.5162	0	7.31007	44.5159	14.7074	0	0	0	0	0
AT5G60650	6.35622	2.93662	0	0	0	0	0	0	0	0	0	0.702395
AT5G60720	2.16327	0.209816	0.585721	0	0	0	0	0	0.0159086	0	0	0.133799
AT5G60850	11.2277	0.760252	0.12137	0	0	4.30514	3.20943	2.891065	8.13083	2.29365	4.60633	35.1905
AT5G61070	1.5498	32.81235	0.321834	0	0	5.47309	2.13538	1.39742	0.4675445	0.153419	0	0.0772085
AT5G61090	1.49271	66.4049	0.199217	0	0	0.482761	0.0883458	0.073643	0.03868515	0	0.0862785	0
AT5G61110	5.2793	107.5055	0	0	0	0	0	0	0	0	0	0
AT5G62165	13.1459	0	0	0	0	0	0	0	0	0	0	0.200968
AT5G62750	4.98	2.01e-05	97.3	187	1490	1.21	4.42	0.114	0.0901	0	0.294	0
AT5G62830	0.120625	0	0.454414	0	0	0.121332	0.0942532	0.2331895	0.095419	0	0	0
AT5G62980	19.433	3.913565	14.1	0	0	35.458	19.8737	22.19885	37.44975	13.9184	30.4045	7.76182
AT5G63660	3.5395	0	0	0	0	0	0	0	1.43983	0	0	3.166175
AT5G63715	0	0	0	0	0	2.45649	1.73461	2.74088	1.265025	0	0	0
AT5G64530	1.52605	2.443975	0.341333	0	0	1.60311	0.237094	27.9658	94.4226	158.935	70.6795	0.4137985
AT5G64870	10.2011	86.7571	6.24741	0.134863	0	1.22382	0.19396	0.229913	0.2317298	1.42895	0	8.60132
AT5G64910	8.41279	660.7805	0	0	0	16.2119	3.87897	1.7149	0.1993635	0	0.0730477	0
AT5G65100	0.414439	2.779075	0.0558737	0.504905	0	0	0	0	0	0	0.412061	0
AT5G65230	1.9707	2.92095	0.338146	0	0	0.975682	2.0824	1.69888	1.08592	1.81672	2.77176	0.4832945
AT5G65790	2.38653	0.14065	0	0	0	0	0	0.3327605	0.1671545	0.0851963	0.0941398	2.17537
AT5G66350	1.76434	0	0.0889897	0	0	26.6378	23.0318	4.17509	0.226991	0.807717	1.20646	0.365883
AT5G66870	4.07944	45.60385	18.19	5.93209	2.80762	0.101956	0.323678	1.037743	2.526165	1.277	1.61419	1.58017
